  training perplexity    Dropout 0    Dropout 0.2    Dropout 0.4    Dropout 0.6    Dropout 0.8
---------------------  -----------  -------------  -------------  -------------  -------------
              Epoch 1      404.655        436.241        423.916        423.672        433.164
              Epoch 2      135.926        158.802        152.613        171.066        206.168
              Epoch 3       93.111        108.700        112.495        127.211        173.718
              Epoch 4       72.409         86.724         94.573        111.162        161.108
              Epoch 5       59.603         65.005         83.211        102.130        154.716
              Epoch 6       50.540         60.439         75.210         95.546        151.023
              Epoch 7       43.060         57.191         69.381         90.971        147.641
              Epoch 8       30.938         54.258         64.421         86.812        136.743
              Epoch 9       27.166         51.707         60.301         84.452        132.442
             Epoch 10       24.067         47.224         57.042         82.146        130.618
             Epoch 11       23.044         46.218         54.526         80.218        128.793
             Epoch 12       22.672         44.944         51.940         70.926        127.260
             Epoch 13       22.568         44.591         42.102         67.800        126.053
             Epoch 14       22.542         44.503         39.635         65.516        123.942
             Epoch 15       22.535         44.258         38.112         64.495        122.781
             Epoch 16       22.534         43.945         37.025         63.726        122.549
             Epoch 17       22.533         43.866         34.610         63.127        122.424
             Epoch 18       22.533         43.606         34.327         62.810        121.870
             Epoch 19       22.533         43.374         33.893         62.874        122.072
             Epoch 20       22.533         43.265         33.162         63.070        122.858
             Epoch 21       22.533         43.042         33.129         63.015        122.382
             Epoch 22       22.533         42.881         33.023         62.598        121.966
             Epoch 23       22.533         42.740         32.977         62.616        122.330
             Epoch 24       22.533         42.484         32.809         62.223        122.553
             Epoch 25       22.533         42.459         32.850         62.229        122.672
             Epoch 26       22.533         42.134         32.888         62.735        122.557
             Epoch 27       22.533         42.033         32.765         62.277        122.088
             Epoch 28       22.533         41.663         32.889         62.378        122.038
             Epoch 29       22.533         41.501         32.898         62.236        122.947
             Epoch 30       22.533         41.679         32.775         62.348        122.840
             Epoch 31       22.533         41.588         32.873         62.317        122.142
             Epoch 32       22.533         41.504         32.934         62.478        122.062
             Epoch 33       22.533         41.593         32.860         62.297        122.214
             Epoch 34       22.533         41.545         32.996         62.566        121.996
             Epoch 35       22.533         41.539         32.994         62.440        122.714
             Epoch 36       22.533         41.436         32.909         62.401        122.512
             Epoch 37       22.533         41.530         32.825         62.323        122.875
             Epoch 38       22.533         41.436         32.749         62.620        122.038
             Epoch 39       22.533         41.468         32.961         62.163        122.483

  validation perplexity    Dropout 0    Dropout 0.2    Dropout 0.4    Dropout 0.6    Dropout 0.8
-----------------------  -----------  -------------  -------------  -------------  -------------
                Epoch 1      240.898        404.019        265.247        272.666        336.096
                Epoch 2      164.428        326.565        174.380        169.333        210.852
                Epoch 3      139.994        275.473        140.010        151.045        175.324
                Epoch 4      128.160        281.442        127.389        139.588        163.592
                Epoch 5      125.500        224.781        124.083        130.403        159.121
                Epoch 6      122.965        221.379        114.911        124.690        153.610
                Epoch 7      127.528        217.370        112.413        123.033        153.872
                Epoch 8      111.893        211.798        110.926        122.743        146.043
                Epoch 9      116.049        212.013        109.695        120.463        145.015
               Epoch 10      114.873        205.450        107.372        118.535        144.281
               Epoch 11      114.138        205.550        106.306        119.396        143.343
               Epoch 12      113.970        204.030        106.654        112.320        142.828
               Epoch 13      113.939        203.339         98.300        112.775        143.910
               Epoch 14      113.932        203.225         97.965        111.390        143.157
               Epoch 15      113.931        202.587         97.850        111.166        143.058
               Epoch 16      113.930        202.228         98.056        111.170        143.054
               Epoch 17      113.930        200.763         96.808        111.008        143.035
               Epoch 18      113.930        200.264         96.631        110.979        143.032
               Epoch 19      113.930        199.467         96.713        110.809        143.028
               Epoch 20      113.930        198.999         96.565        110.718        143.028
               Epoch 21      113.930        198.903         96.510        110.665        143.028
               Epoch 22      113.930        198.343         96.594        110.689        143.028
               Epoch 23      113.930        198.138         96.541        110.571        143.028
               Epoch 24      113.930        197.704         96.523        110.594        143.028
               Epoch 25      113.930        197.068         96.520        110.577        143.028
               Epoch 26      113.930        195.810         96.519        110.572        143.028
               Epoch 27      113.930        195.928         96.519        110.571        143.028
               Epoch 28      113.930        195.923         96.519        110.569        143.028
               Epoch 29      113.930        195.813         96.519        110.568        143.028
               Epoch 30      113.930        195.794         96.519        110.568        143.028
               Epoch 31      113.930        195.757         96.519        110.567        143.028
               Epoch 32      113.930        195.761         96.519        110.565        143.028
               Epoch 33      113.930        195.765         96.519        110.565        143.028
               Epoch 34      113.930        195.763         96.519        110.564        143.028
               Epoch 35      113.930        195.763         96.519        110.563        143.028
               Epoch 36      113.930        195.763         96.519        110.562        143.028
               Epoch 37      113.930        195.763         96.519        110.562        143.028
               Epoch 38      113.930        195.763         96.519        110.561        143.028
               Epoch 39      113.930        195.763         96.519        110.561        143.028

  test perplexity    Dropout 0    Dropout 0.2    Dropout 0.4    Dropout 0.6    Dropout 0.8
-----------------  -----------  -------------  -------------  -------------  -------------
          Epoch 1       92.888        166.836         80.288         91.825        121.971

The highest perplexity occurs with Dropout 0.2 and the lowest with Dropout 0.4.